&& CABEÇALHO OCUPA AS TRES PRIMEIRAS LINHAS
&&COD  NOME------|-----JAN-|-----FEV-|-----MAR-|-----ABR-|-----MAI-|-----JUN-|-----JUL-|-----AGO-|-----SET-|-----OUT-|-----NOV-|-----DEZ-|
 MESPLAN=             9 ANOPLAN=          2024
    1 XXXXXXXXXXX     114.00    134.00    134.00     89.00     56.00     48.00     40.00     35.42     54.00     64.00     79.00     94.00
    2 XXXXXXXXXXX     114.00    134.00    134.00     89.00     56.00     48.00     40.00     35.45     54.00     64.00     79.00     94.00
    3 XXXXXXXXXXX       0.00      0.00      0.00      0.00      0.00      0.00      0.00      0.00      0.00      0.00      0.00      0.00
    4 XXXXXXXXXXX       0.00      0.00      0.00      0.00      0.00      0.00      0.00      0.00      0.00      0.00      0.00      0.00
    5 XXXXXXXXXXX       0.00      0.00      0.00      0.00      0.00      0.00      0.00      0.00      0.00      0.00      0.00      0.00
    6 XXXXXXXXXXX     854.00    917.00    878.00    681.00    344.00    282.00    242.00    168.90    324.00    530.00    527.00    587.00
    7 XXXXXXXXXXX     915.00    995.00    990.00    815.00    389.00    325.00    267.00    194.52    367.00    578.00    579.00    654.00
    8 XXXXXXXXXXX     928.00   1011.00   1015.00    850.00    400.00    336.00    273.00    200.77    377.00    588.00    591.00    668.00
    9 XXXXXXXXXXX     933.00   1016.00   1025.00    867.00    404.00    341.00    276.00    203.32    381.00    592.00    597.00    675.00
   10 XXXXXXXXXXX     949.00   1032.00   1056.00    910.00    417.00    354.00    283.00    210.65    394.00    603.00    611.00    692.00
   11 XXXXXXXXXXX     987.00   1076.00   1132.00    988.00    446.00    380.00    298.00    226.19    420.00    634.00    642.00    732.00
   12 XXXXXXXXXXX    1092.00   1196.00   1308.00   1156.00    531.00    448.00    345.00    264.58    489.00    719.00    720.00    831.00
   13 XXXXXXXXXXX       0.00      0.00      0.00      0.00      0.00      0.00      0.00      0.00      0.00      0.00      0.00      0.00
   14 XXXXXXXXXXX      52.00     54.00     53.00     40.00     23.00     20.00     18.00     15.23     26.00     46.00     38.00     40.00
   15 XXXXXXXXXXX      85.00     89.00     85.00     67.00     38.00     33.00     29.00     24.97     42.00     74.00     63.00     65.00
   16 XXXXXXXXXXX      86.00     90.00     86.00     68.00     38.00     33.00     29.00     25.45     42.00     75.00     64.00     66.00
   17 XXXXXXXXXXX    1553.00   1629.00   1762.00   1672.00    765.00    688.00    558.00    440.45    808.00   1141.00   1153.00   1244.00
   18 XXXXXXXXXXX    1713.00   1781.00   1977.00   1991.00    881.00    806.00    662.00    517.97    946.00   1270.00   1295.00   1419.00
   19 XXXXXXXXXXX       0.00      0.00      0.00      0.00      0.00      0.00      0.00      0.00      0.00      0.00      0.00      0.00
   20 XXXXXXXXXXX     139.00    140.00    166.00    171.00     61.00     50.00     44.00     29.26     36.00     37.00     28.00     43.00
   21 XXXXXXXXXXX       0.00      0.00      0.00      0.00      0.00      0.00      0.00      0.00      0.00      0.00      0.00      0.00
   22 XXXXXXXXXXX     111.00    119.00    118.00    112.00     44.00     35.00     27.00     15.77     22.00     18.00     13.00     19.00
   23 XXXXXXXXXXX     169.00    212.00    234.00    226.00     90.00     64.00     46.00     37.68     38.00     33.00     39.00     83.00
   24 XXXXXXXXXXX     395.00    397.00    471.00    486.00    173.00    141.00    124.00     88.26    103.00    105.00     78.00    122.00
   25 XXXXXXXXXXX     234.00    229.00    353.00    307.00    149.00    111.00     85.00     79.16    107.00    150.00    142.00    178.00
   26 XXXXXXXXXXX       0.00      0.00      0.00      0.00      0.00      0.00      0.00      0.00      0.00      0.00      0.00      0.00
   27 XXXXXXXXXXX       0.00      0.00      0.00      0.00      0.00      0.00      0.00      0.00      0.00      0.00      0.00      0.00
   28 XXXXXXXXXXX     248.00    244.00    350.00    349.00    158.00    119.00     91.00     83.97    115.00    153.00    150.00    187.00
   29 XXXXXXXXXXX       0.00      0.00      0.00      0.00      0.00      0.00      0.00      0.00      0.00      0.00      0.00      0.00
   30 XXXXXXXXXXX       0.00      0.00      0.00      0.00      0.00      0.00      0.00      0.00      0.00      0.00      0.00      0.00
   31 XXXXXXXXXXX    1321.00   1402.00   1712.00   1695.00    709.00    535.00    431.00    344.23    430.00    444.00    439.00    673.00
   32 XXXXXXXXXXX    1370.00   1451.00   1761.00   1783.00    749.00    566.00    455.00    365.55    465.00    470.00    466.00    706.00
   33 XXXXXXXXXXX    2009.00   2227.00   2692.00   3092.00   1306.00   1008.00    807.00    653.58    837.00    796.00    799.00   1135.00
   34 XXXXXXXXXXX    4167.00   4544.00   5235.00   6481.00   2704.00   2261.00   1867.00   1505.84   2182.00   2408.00   2430.00   2937.00
   35 XXXXXXXXXXX       0.00      0.00      0.00      0.00      0.00      0.00      0.00      0.00      0.00      0.00      0.00      0.00
   36 XXXXXXXXXXX       0.00      0.00      0.00      0.00      0.00      0.00      0.00      0.00      0.00      0.00      0.00      0.00
   37 XXXXXXXXXXX     359.00    366.00    339.00    164.00    153.00    135.00    167.00    136.03    175.00    484.00    324.00    296.00
   38 XXXXXXXXXXX     403.00    408.00    388.00    206.00    170.00    158.00    190.00    156.68    204.00    538.00    379.00    360.00
   39 XXXXXXXXXXX     490.00    492.00    479.00    286.00    203.00    201.00    235.00    196.00    263.00    647.00    491.00    470.00
   40 XXXXXXXXXXX     522.00    539.00    533.00    336.00    220.00    241.00    265.00    224.65    315.00    689.00    546.00    544.00
   41 XXXXXXXXXXX       0.00      0.00      0.00      0.00      0.00      0.00      0.00      0.00      0.00      0.00      0.00      0.00
   42 XXXXXXXXXXX     534.00    556.00    555.00    357.00    226.00    259.00    276.00    235.71    338.00    705.00    567.00    574.00
   43 XXXXXXXXXXX     530.00    565.00    579.00    407.00    222.00    285.00    284.00    242.84    356.00    693.00    565.00    607.00
   44 XXXXXXXXXXX    4697.00   5109.00   5814.00   6888.00   2926.00   2546.00   2151.00   1748.23   2538.00   3101.00   2995.00   3544.00
   45 XXXXXXXXXXX    4979.00   5425.00   6140.00   7380.00   3202.00   2802.00   2390.00   1969.16   2807.00   3344.00   3229.00   3811.00
   46 XXXXXXXXXXX    5556.00   5963.00   6514.00   8525.00   3777.00   3324.00   2868.00   2441.71   3489.00   3867.00   3782.00   4427.00
   47 XXXXXXXXXXX      88.00    125.00     99.00     92.00     66.00     65.00     81.00     58.90     89.00    215.00    179.00    140.00
   48 XXXXXXXXXXX      90.00    129.00    102.00     95.00     68.00     68.00     83.00     60.61     92.00    224.00    187.00    145.00
   49 XXXXXXXXXXX     144.00    218.00    159.00    152.00    108.00    112.00    135.00     97.00    157.00    433.00    351.00    241.00
   50 XXXXXXXXXXX     193.00    285.00    219.00    209.00    149.00    152.00    184.00    137.61    211.00    499.00    430.00    326.00
   51 XXXXXXXXXXX     196.00    290.00    224.00    213.00    152.00    155.00    187.00    140.61    216.00    503.00    436.00    333.00
   52 XXXXXXXXXXX     204.00    300.00    234.00    222.00    159.00    162.00    195.00    147.39    225.00    512.00    448.00    348.00
   53 XXXXXXXXXXX       0.00      0.00      0.00      0.00      0.00      0.00      0.00      0.00      0.00      0.00      0.00      0.00
   54 XXXXXXXXXXX      90.00     77.00     67.00     64.00     52.00     53.00     84.00     53.48    152.00    449.00    660.00    226.00
   55 XXXXXXXXXXX     105.00     91.00     79.00     76.00     60.00     61.00     97.00     61.45    171.00    508.00    744.00    255.00
   56 XXXXXXXXXXX       0.00      0.00      0.00      0.00      0.00      0.00      0.00      0.00      0.00      0.00      0.00      0.00
   57 XXXXXXXXXXX     180.00    157.00    140.00    128.00     97.00     89.00    150.00     92.94    263.00    789.00   1185.00    405.00
   58 XXXXXXXXXXX     218.00    213.00    179.00    172.00    114.00    104.00    143.00    106.10    252.00    567.00    879.00    406.00
   59 XXXXXXXXXXX       0.00      0.00      0.00      0.00      0.00      0.00      0.00      0.00      0.00      0.00      0.00      0.00
   60 XXXXXXXXXXX       0.00      0.00      0.00      0.00      0.00      0.00      0.00      0.00      0.00      0.00      0.00      0.00
   61 XXXXXXXXXXX     622.00    707.00    577.00    551.00    377.00    362.00    469.00    332.52    707.00   1598.00   2131.00   1125.00
   62 XXXXXXXXXXX     656.00    745.00    617.00    595.00    414.00    401.00    508.00    366.32    746.00   1602.00   2201.00   1184.00
   63 XXXXXXXXXXX     737.00    835.00    708.00    698.00    502.00    492.00    601.00    445.58    834.00   1647.00   2346.00   1307.00
   64 XXXXXXXXXXX       0.00      0.00      0.00      0.00      0.00      0.00      0.00      0.00      0.00      0.00      0.00      0.00
   65 XXXXXXXXXXX      41.00     24.00     68.00    103.00    221.00     96.00    147.00     66.87    105.00    303.00    414.00    111.00
   66 XXXXXXXXXXX    8272.00   8135.00   8375.00  11179.00   5542.00   4834.00   4590.00   3753.97   6407.00   8122.00  11298.00   9304.00
   67 XXXXXXXXXXX       0.00      0.00      0.00      0.00      0.00      0.00      0.00      0.00      0.00      0.00      0.00      0.00
   68 XXXXXXXXXXX       0.00      0.00      0.00      0.00      0.00      0.00      0.00      0.00      0.00      0.00      0.00      0.00
   69 XXXXXXXXXXX       0.00      0.00      0.00      0.00      0.00      0.00      0.00      0.00      0.00      0.00      0.00      0.00
   70 XXXXXXXXXXX      10.00     10.00     10.00     10.00     10.00     10.00     10.00     10.00     10.00    396.00    351.00     10.00
   71 XXXXXXXXXXX      88.00     74.00     96.00     79.00     89.00     64.00    114.00     56.10    140.00    430.00    402.00    111.00
   72 XXXXXXXXXXX      95.00     78.00    102.00     86.00    104.00     71.00    127.00     61.00    147.00    456.00    428.00    119.00
   73 XXXXXXXXXXX     122.00     99.00    125.00    113.00    168.00     98.00    177.00     81.68    175.00    569.00    524.00    150.00
   74 XXXXXXXXXXX     494.00    478.00    679.00    576.00    997.00    736.00   1209.00    441.42    524.00   3315.00   2920.00    891.00
   75 XXXXXXXXXXX     744.00    673.00    918.00    809.00   1469.00    976.00   1621.00    630.23    828.00   4012.00   3631.00   1208.00
   76 XXXXXXXXXXX     632.00    584.00    803.00    706.00   1311.00    888.00   1454.00    558.77    663.00   3838.00   3457.00   1068.00
   77 XXXXXXXXXXX     798.00    711.00   1008.00    930.00   1717.00   1104.00   1785.00    691.48    954.00   4688.00   4493.00   1356.00
   78 XXXXXXXXXXX     813.00    723.00   1041.00    969.00   1803.00   1159.00   1837.00    719.65    999.00   4728.00   4758.00   1420.00
   79 XXXXXXXXXXX       0.00      0.00      0.00      0.00      0.00      0.00      0.00      0.00      0.00      0.00      0.00      0.00
   80 XXXXXXXXXXX      27.00     16.00     43.00     66.00    142.00     62.00     94.00     43.39     67.00    194.00    266.00     71.00
   81 XXXXXXXXXXX     974.00    818.00   1305.00   1370.00   2662.00   1535.00   2406.00    868.61   1407.00   5869.00   6407.00   1858.00
   82 XXXXXXXXXXX       0.00      0.00      0.00      0.00      0.00      0.00      0.00      0.00      0.00      0.00      0.00      0.00
   83 XXXXXXXXXXX      28.00     17.00     46.00     71.00    152.00     66.00    101.00     46.13     72.00    208.00    284.00     76.00
   84 XXXXXXXXXXX       0.00      0.00      0.00      0.00      0.00      0.00      0.00      0.00      0.00      0.00      0.00      0.00
   85 XXXXXXXXXXX     187.00     97.00    104.00    102.00    724.00    359.00    361.00    107.61    467.00    801.00    718.00    222.00
   86 XXXXXXXXXXX       0.00      0.00      0.00      0.00      0.00      0.00      0.00      0.00      0.00      0.00      0.00      0.00
   87 XXXXXXXXXXX       0.00      0.00      0.00      0.00      0.00      0.00      0.00      0.00      0.00      0.00      0.00      0.00
   88 XXXXXXXXXXX     375.00    241.00    349.00    227.00    661.00    394.00    693.00    131.26    309.00   1470.00   1315.00    530.00
   89 XXXXXXXXXXX     489.00    280.00    437.00    295.00    873.00    526.00    869.00    166.90    390.00   1691.00   1713.00    628.00
   90 XXXXXXXXXXX       0.00      0.00      0.00      0.00      0.00      0.00      0.00      0.00      0.00      0.00      0.00      0.00
   91 XXXXXXXXXXX       0.00      0.00      0.00      0.00      0.00      0.00      0.00      0.00      0.00      0.00      0.00      0.00
   92 XXXXXXXXXXX    1467.00    857.00   1181.00   1012.00   4154.00   2191.00   2604.00    731.81   2130.00   5933.00   6150.00   1955.00
   93 XXXXXXXXXXX      61.00     50.00     60.00     98.00    293.00    138.00    112.00     61.48    154.00    304.00    394.00    125.00
   94 XXXXXXXXXXX    1837.00   1111.00   1574.00   1333.00   5437.00   2905.00   3361.00   1036.52   2715.00   7618.00   8147.00   2814.00
   95 XXXXXXXXXXX       0.00      0.00      0.00      0.00      0.00      0.00      0.00      0.00      0.00      0.00      0.00      0.00
   96 XXXXXXXXXXX       0.00      0.00      0.00      0.00      0.00      0.00      0.00      0.00      0.00      0.00      0.00      0.00
   97 XXXXXXXXXXX     243.00    151.00    130.00    229.00   2530.00   1146.00    340.00    182.84   1353.00   1173.00   1414.00    356.00
   98 XXXXXXXXXXX     135.00     80.00     58.00    113.00   1706.00    777.00    198.00     99.39    801.00    683.00    879.00    217.00
   99 XXXXXXXXXXX      61.00     60.00     64.00     82.00     51.00     45.00     45.00     43.16     44.00     49.00     51.00     55.00
  100 XXXXXXXXXXX       5.00      6.00      6.00      5.00      4.00      4.00      4.00      1.35      4.00      5.00      5.00      5.00
  101 XXXXXXXXXXX     172.00    138.00    168.00    115.00    350.00    206.00    361.00     65.03    145.00    656.00    621.00    207.00
  102 XXXXXXXXXXX     502.00    212.00    253.00    487.00   1260.00    596.00    281.00    215.26    868.00    942.00   1270.00    565.00
  103 XXXXXXXXXXX     523.00    220.00    263.00    502.00   1306.00    618.00    295.00    223.90    898.00    969.00   1321.00    591.00
  104 XXXXXXXXXXX      84.00     67.00     50.00     37.00     30.00     28.00     27.00     28.71     35.00     68.00     47.00     38.00
  105 XXXXXXXXXXX       0.00      0.00      0.00      0.00      0.00      0.00      0.00      0.00      0.00      0.00      0.00      0.00
  106 XXXXXXXXXXX       0.00      0.00      0.00      0.00      0.00      0.00      0.00      0.00      0.00      0.00      0.00      0.00
  107 XXXXXXXXXXX       0.00      0.00      0.00      0.00      0.00      0.00      0.00      0.00      0.00      0.00      0.00      0.00
  108 XXXXXXXXXXX       0.00      0.00      0.00      0.00      0.00      0.00      0.00      0.00      0.00      0.00      0.00      0.00
  109 XXXXXXXXXXX      47.00     31.00     24.00     17.00     12.00     12.00     11.00     12.81     17.00     37.00     24.00     19.00
  110 XXXXXXXXXXX      52.00     39.00     48.00     70.00    166.00    115.00     53.00     36.42    161.00    133.00    180.00     71.00
  111 XXXXXXXXXXX     338.00    179.00    247.00    426.00   1477.00    730.00    360.00    195.35    909.00    809.00   1160.00    521.00
  112 XXXXXXXXXXX     339.00    179.00    248.00    435.00   1500.00    737.00    362.00    196.84    916.00    812.00   1164.00    524.00
  113 XXXXXXXXXXX     366.00    197.00    286.00    654.00   2016.00    899.00    401.00    226.58   1074.00    896.00   1262.00    576.00
  114 XXXXXXXXXXX     394.00    218.00    328.00    899.00   2590.00   1081.00    443.00    259.29   1251.00    991.00   1374.00    630.00
  115 XXXXXXXXXXX      25.00     24.00     21.00     28.00     16.00     15.00     23.00     16.03     17.00     63.00     44.00     21.00
  116 XXXXXXXXXXX      11.00      7.00      6.00      4.00      3.00      3.00      2.00      5.39      4.00      8.00      5.00      4.00
  117 XXXXXXXXXXX      37.00     36.00     26.00     20.00     18.00     16.00     16.00     16.06     18.00     31.00     23.00     19.00
  118 XXXXXXXXXXX      47.00     31.00     24.00     17.00     12.00     12.00     11.00     12.81     17.00     37.00     24.00     19.00
  119 XXXXXXXXXXX      58.00     38.00     30.00     21.00     15.00     15.00     13.00     15.52     21.00     45.00     29.00     23.00
  120 XXXXXXXXXXX      32.00     35.00     27.00     19.00     11.00      5.00     11.00     11.61     15.00     34.00     20.00     14.00
  121 XXXXXXXXXXX     102.00    149.00    127.00     66.00     44.00     33.00     32.00     34.42     44.00     91.00     61.00     46.00
  122 XXXXXXXXXXX     116.00    171.00    145.00     77.00     50.00     38.00     36.00     39.39     51.00    104.00     70.00     53.00
  123 XXXXXXXXXXX     346.00    427.00    364.00    252.00    146.00    118.00    110.00    105.29    102.00    251.00    195.00    190.00
  124 XXXXXXXXXXX       0.00      0.00      0.00      0.00      0.00      0.00      0.00      0.00      0.00      0.00      0.00      0.00
  125 XXXXXXXXXXX     486.00    568.00    480.00    324.00    181.00    161.00    144.00    133.94    131.00    297.00    258.00    267.00
  126 XXXXXXXXXXX     340.00    340.00    340.00    282.00     99.00     71.00     44.00     43.94     56.00    189.00    138.00    141.00
  127 XXXXXXXXXXX     533.00    717.00    653.00    372.00    189.00    161.00    134.00    133.94    146.00    279.00    228.00    231.00
  128 XXXXXXXXXXX       0.00      0.00      0.00      0.00      0.00      0.00      0.00      0.00      0.00      0.00      0.00      0.00
  129 XXXXXXXXXXX     734.00    909.00    844.00    547.00    313.00    270.00    232.00    225.39    238.00    456.00    404.00    406.00
  130 XXXXXXXXXXX     795.00   1000.00    939.00    609.00    349.00    298.00    253.00    248.03    265.00    492.00    442.00    438.00
  131 XXXXXXXXXXX     144.00    144.00    144.00    144.00    117.00    103.00     92.00     86.00     85.00    144.00    144.00    144.00
  132 XXXXXXXXXXX      38.00     32.00     31.00     15.00     10.00      9.00      9.00      7.45     10.00     18.00     16.00     15.00
  133 XXXXXXXXXXX       0.00      0.00      0.00      0.00      0.00      0.00      0.00      0.00      0.00      0.00      0.00      0.00
  134 XXXXXXXXXXX     248.00    199.00    188.00     80.00     48.00     39.00     31.00     24.87     47.00     43.00     57.00     68.00
  135 XXXXXXXXXXX     151.00    145.00    145.00     86.00     53.00     47.00     41.00     33.00     54.00     75.00     85.00     61.00
  136 XXXXXXXXXXX       0.00      0.00      0.00      0.00      0.00      0.00      0.00      0.00      0.00      0.00      0.00      0.00
  137 XXXXXXXXXXX       0.00      0.00      0.00      0.00      0.00      0.00      0.00      0.00      0.00      0.00      0.00      0.00
  138 XXXXXXXXXXX       0.00      0.00      0.00      0.00      0.00      0.00      0.00      0.00      0.00      0.00      0.00      0.00
  139 XXXXXXXXXXX       0.00      0.00      0.00      0.00      0.00      0.00      0.00      0.00      0.00      0.00      0.00      0.00
  140 XXXXXXXXXXX       0.00      0.00      0.00      0.00      0.00      0.00      0.00      0.00      0.00      0.00      0.00      0.00
  141 XXXXXXXXXXX     790.00    792.00    643.00    372.00    234.00    206.00    181.00    139.55    254.00    230.00    312.00    262.00
  142 XXXXXXXXXXX       0.00      0.00      0.00      0.00      0.00      0.00      0.00      0.00      0.00      0.00      0.00      0.00
  143 XXXXXXXXXXX       0.00      0.00      0.00      0.00      0.00      0.00      0.00      0.00      0.00      0.00      0.00      0.00
  144 XXXXXXXXXXX    1092.00   1208.00    922.00    560.00    346.00    312.00    277.00    206.52    383.00    322.00    436.00    352.00
  145 XXXXXXXXXXX     102.00    117.00    108.00     96.00     73.00     60.00     53.00     40.81     55.00     53.00     65.00     59.00
  146 XXXXXXXXXXX       0.00      0.00      0.00      0.00      0.00      0.00      0.00      0.00      0.00      0.00      0.00      0.00
  147 XXXXXXXXXXX       0.00      0.00      0.00      0.00      0.00      0.00      0.00      0.00      0.00      0.00      0.00      0.00
  148 XXXXXXXXXXX     892.00    945.00    744.00    442.00    274.00    244.00    216.00    163.48    303.00    261.00    358.00    293.00
  149 XXXXXXXXXXX     186.00    169.00    158.00     97.00     65.00     55.00     48.00     40.58     66.00     79.00    102.00     76.00
  150 XXXXXXXXXXX       0.00      0.00      0.00      0.00      0.00      0.00      0.00      0.00      0.00      0.00      0.00      0.00
  151 XXXXXXXXXXX       0.00      0.00      0.00      0.00      0.00      0.00      0.00      0.00      0.00      0.00      0.00      0.00
  152 XXXXXXXXXXX       0.00      0.00      0.00      0.00      0.00      0.00      0.00      0.00      0.00      0.00      0.00      0.00
  153 XXXXXXXXXXX       0.00      0.00      0.00      0.00      0.00      0.00      0.00      0.00      0.00      0.00      0.00      0.00
  154 XXXXXXXXXXX     110.00    105.00    114.00    148.00    107.00     94.00     87.00     83.74     88.00     87.00     93.00    109.00
  155 XXXXXXXXXXX     145.00    125.00    125.00     86.00     44.00     36.00     32.00     26.39     41.00     44.00     59.00     45.00
  156 XXXXXXXXXXX     675.00    583.00    580.00    514.00    183.00    142.00     98.00     57.06    155.00    142.00    219.00    249.00
  157 XXXXXXXXXXX       0.00      0.00      0.00      0.00      0.00      0.00      0.00      0.00      0.00      0.00      0.00      0.00
  158 XXXXXXXXXXX      58.00     68.00     58.00     59.00     30.00     25.00     21.00     18.52     14.00     10.00     11.00      9.00
  159 XXXXXXXXXXX       0.00      0.00      0.00      0.00      0.00      0.00      0.00      0.00      0.00      0.00      0.00      0.00
  160 XXXXXXXXXXX      16.00     15.00     14.00      7.00      6.00      5.00      5.00      4.48      6.00     12.00      7.00      6.00
  161 XXXXXXXXXXX     316.00    219.00    160.00     69.00     59.00     45.00     59.00     64.10     68.00    220.00    133.00     98.00
  162 XXXXXXXXXXX       0.00      0.00      0.00      0.00      0.00      0.00      0.00      0.00      0.00      0.00      0.00      0.00
  163 XXXXXXXXXXX       0.00      0.00      0.00      0.00      0.00      0.00      0.00      0.00      0.00      0.00      0.00      0.00
  164 XXXXXXXXXXX     232.00    152.00    110.00     32.00     29.00     17.00     32.00     35.16     33.00    152.00     86.00     60.00
  165 XXXXXXXXXXX       0.00      0.00      0.00      0.00      0.00      0.00      0.00      0.00      0.00      0.00      0.00      0.00
  166 XXXXXXXXXXX       0.00      0.00      0.00      0.00      0.00      0.00      0.00   1673.68      0.00      0.00      0.00      0.00
  167 XXXXXXXXXXX       0.00      0.00      0.00      0.00      0.00      0.00      0.00      0.00      0.00      0.00      0.00      0.00
  168 XXXXXXXXXXX    1632.00   2316.00   2163.00   1848.00    640.00    410.00    382.00    359.26    492.00    370.00    513.00    409.00
  169 XXXXXXXXXXX    2139.00   3003.00   2759.00   2586.00    931.00    586.00    522.00    453.52    690.00    518.00    722.00    635.00
  170 XXXXXXXXXXX       0.00      0.00      0.00      0.00      0.00      0.00      0.00      0.00      0.00      0.00      0.00      0.00
  171 XXXXXXXXXXX       0.00      0.00      0.00      0.00      0.00      0.00      0.00      0.00      0.00      0.00      0.00      0.00
  172 XXXXXXXXXXX    2133.00   3038.00   2866.00   2743.00    990.00    592.00    527.00    458.32    695.00    521.00    728.00    594.00
  173 XXXXXXXXXXX    2133.00   3038.00   2866.00   2743.00    990.00    592.00    527.00    458.32    695.00    521.00    728.00    594.00
  174 XXXXXXXXXXX       0.00      0.00      0.00      0.00      0.00      0.00      0.00      0.00      0.00      0.00      0.00      0.00
  175 XXXXXXXXXXX    2133.00   3038.00   2866.00   2743.00    990.00    592.00    527.00    458.32    695.00    521.00    728.00    594.00
  176 XXXXXXXXXXX    2133.00   3038.00   2866.00   2743.00    990.00    592.00    527.00    458.32    695.00    521.00    728.00    594.00
  177 XXXXXXXXXXX       0.00      0.00      0.00      0.00      0.00      0.00      0.00      0.00      0.00      0.00      0.00      0.00
  178 XXXXXXXXXXX    2047.00   3047.00   2908.00   2753.00   1025.00    595.00    529.00    461.03    697.00    526.00    728.00    581.00
  179 XXXXXXXXXXX       0.00      0.00      0.00      0.00      0.00      0.00      0.00      0.00      0.00      0.00      0.00      0.00
  180 XXXXXXXXXXX       0.00      0.00      0.00      0.00      0.00      0.00      0.00      0.00      0.00      0.00      0.00      0.00
  181 XXXXXXXXXXX       0.00      0.00      0.00      0.00      0.00      0.00      0.00      0.00      0.00      0.00      0.00      0.00
  182 XXXXXXXXXXX       0.00      0.00      0.00      0.00      0.00      0.00      0.00      0.00      0.00      0.00      0.00      0.00
  183 XXXXXXXXXXX     100.00     75.00     67.00     37.00     27.00     23.00     22.00     17.84     33.00     33.00     48.00     43.00
  184 XXXXXXXXXXX       0.00      0.00      0.00      0.00      0.00      0.00      0.00      0.00      0.00      0.00      0.00      0.00
  185 XXXXXXXXXXX       0.00      0.00      0.00      0.00      0.00      0.00      0.00      0.00      0.00      0.00      0.00      0.00
  186 XXXXXXXXXXX       0.00      0.00      0.00      0.00      0.00      0.00      0.00      0.00      0.00      0.00      0.00      0.00
  187 XXXXXXXXXXX     122.00    123.00    122.00    101.00     87.00     77.00     68.00     31.94     61.00     68.00     86.00    112.00
  188 XXXXXXXXXXX     471.00    975.00    425.00    206.00     65.00     48.00     30.00     30.06     52.00     42.00     49.00     45.00
  189 XXXXXXXXXXX       0.00      0.00      0.00      0.00      0.00      0.00      0.00      0.00      0.00      0.00      0.00      0.00
  190 XXXXXXXXXXX     432.00    630.00    560.00    633.00    320.00    243.00    205.00    203.74    213.00    198.00    241.00    277.00
  191 XXXXXXXXXXX    1289.00   1697.00   1241.00   1002.00    389.00    240.00    184.00    121.61    140.00    121.00    174.00    434.00
  192 XXXXXXXXXXX       0.00      0.00      0.00      0.00      0.00      0.00      0.00      0.00      0.00      0.00      0.00      0.00
  193 XXXXXXXXXXX       0.00      0.00      0.00      0.00      0.00      0.00      0.00      0.00      0.00      0.00      0.00      0.00
  194 XXXXXXXXXXX       0.00      0.00      0.00      0.00      0.00      0.00      0.00      0.00      0.00      0.00      0.00      0.00
  195 XXXXXXXXXXX       0.00      0.00      0.00      0.00      0.00      0.00      0.00      0.00      0.00      0.00      0.00      0.00
  196 XXXXXXXXXXX      61.00     50.00     61.00     41.00     21.00     17.00     13.00     11.71     14.00     16.00     28.00     27.00
  197 XXXXXXXXXXX      29.00     46.00     47.00     30.00     20.00     17.00     14.00     12.48     18.00     25.00     24.00     27.00
  198 XXXXXXXXXXX      61.00     94.00     91.00     52.00     35.00     31.00     27.00     27.77     35.00     49.00     42.00     48.00
  199 XXXXXXXXXXX     832.00   1047.00    983.00    638.00    365.00    312.00    265.00    261.23    277.00    515.00    463.00    459.00
  200 XXXXXXXXXXX       0.00      0.00      0.00      0.00      0.00      0.00      0.00      0.00      0.00      0.00      0.00      0.00
  201 XXXXXXXXXXX      28.00     22.00     21.00     10.00      7.00      6.00      6.00      5.19      7.00     12.00     11.00     10.00
  202 XXXXXXXXXXX      13.00     10.00     10.00      5.00      3.00      3.00      3.00      2.52      3.00      6.00      5.00      5.00
  203 XXXXXXXXXXX      41.00     32.00     31.00     15.00     11.00      8.00      8.00      7.45     10.00     17.00     16.00     15.00
  204 XXXXXXXXXXX     789.00    693.00   1013.00   1893.00   2054.00   1462.00    924.00    532.39    266.00    142.00    100.00    259.00
  205 XXXXXXXXXXX     138.00    180.00    198.00    186.00     72.00     52.00     36.00     30.90     30.00     26.00     33.00     70.00
  206 XXXXXXXXXXX     244.00    240.00    358.00    328.00    155.00    116.00     89.00     82.16    112.00    153.00    147.00    185.00
  207 XXXXXXXXXXX     245.00    241.00    356.00    334.00    156.00    117.00     90.00     82.94    113.00    153.00    148.00    185.00
  208 XXXXXXXXXXX       0.00      0.00      0.00      0.00      0.00      0.00      0.00      0.00      0.00      0.00      0.00      0.00
  209 XXXXXXXXXXX     441.00    503.00    560.00    574.00    254.00    170.00    128.00     99.71    110.00     93.00     99.00    205.00
  210 XXXXXXXXXXX       0.00      0.00      0.00      0.00      0.00      0.00      0.00      0.00      0.00      0.00      0.00      0.00
  211 XXXXXXXXXXX     297.00    334.00    339.00    211.00    133.00    114.00     94.00     76.58    124.00    149.00    187.00    205.00
  212 XXXXXXXXXXX       0.00      0.00      0.00      0.00      0.00      0.00      0.00      0.00      0.00      0.00      0.00      0.00
  213 XXXXXXXXXXX      18.00     25.00     13.00      9.00      6.00      4.00      3.00      3.65      7.00      6.00      5.00      9.00
  214 XXXXXXXXXXX       0.00      0.00      0.00      0.00      0.00      0.00      0.00      0.00      0.00      0.00      0.00      0.00
  215 XXXXXXXXXXX     351.00    183.00    195.00    191.00   1360.00    675.00    679.00    191.74    878.00   1505.00   1350.00    418.00
  216 XXXXXXXXXXX     582.00    322.00    473.00    325.00   1107.00    648.00   1069.00    194.84    435.00   2075.00   2142.00    757.00
  217 XXXXXXXXXXX    1140.00    671.00    838.00    694.00   2930.00   1606.00   1926.00    547.84   1639.00   3988.00   4177.00   1431.00
  218 XXXXXXXXXXX       0.00      0.00      0.00      0.00      0.00      0.00      0.00      0.00      0.00      0.00      0.00      0.00
  219 XXXXXXXXXXX       0.00      0.00      0.00      0.00      0.00      0.00      0.00      0.00      0.00      0.00      0.00      0.00
  220 XXXXXXXXXXX     105.00     85.00    104.00    166.00    505.00    235.00    193.00    105.55    264.00    518.00    678.00    216.00
  221 XXXXXXXXXXX       0.00      0.00      0.00      0.00      0.00      0.00      0.00      0.00      0.00      0.00      0.00      0.00
  222 XXXXXXXXXXX     928.00    791.00   1229.00   1257.00   2418.00   1426.00   2245.00    823.71   1291.00   5571.00   5910.00   1730.00
  223 XXXXXXXXXXX       0.00      0.00      0.00      0.00      0.00      0.00      0.00      0.00      0.00      0.00      0.00      0.00
  224 XXXXXXXXXXX       0.00      0.00      0.00      0.00      0.00      0.00      0.00      0.00      0.00      0.00      0.00      0.00
  225 XXXXXXXXXXX     379.00    476.00    511.00    376.00    187.00     75.00     40.00     15.29     20.00     31.00     76.00    213.00
  226 XXXXXXXXXXX     161.00    167.00    170.00    161.00    151.00    147.00    145.00    138.87    143.00    145.00    148.00    154.00
  227 XXXXXXXXXXX     718.00    981.00    959.00   1207.00    622.00    460.00    379.00    320.68    369.00    364.00    412.00    441.00
  228 XXXXXXXXXXX     782.00   1063.00   1042.00   1326.00    688.00    505.00    415.00    351.68    405.00    399.00    448.00    480.00
  229 XXXXXXXXXXX    1561.00   3002.00   3129.00   3751.00   1881.00    964.00    641.00    491.87    591.00    515.00    584.00    744.00
  230 XXXXXXXXXXX    1563.00   3003.00   3149.00   3774.00   1910.00    972.00    645.00    493.84    593.00    518.00    582.00    742.00
  231 XXXXXXXXXXX       0.00      0.00      0.00      0.00      0.00      0.00      0.00      0.00      0.00      0.00      0.00      0.00
  232 XXXXXXXXXXX       0.00      0.00      0.00      0.00      0.00      0.00      0.00      0.00      0.00      0.00      0.00      0.00
  233 XXXXXXXXXXX       0.00      0.00      0.00      0.00      0.00      0.00      0.00      0.00      0.00      0.00      0.00      0.00
  234 XXXXXXXXXXX       0.00      0.00      0.00      0.00      0.00      0.00      0.00      0.00      0.00      0.00      0.00      0.00
  235 XXXXXXXXXXX       0.00      0.00      0.00      0.00      0.00      0.00      0.00      0.00      0.00      0.00      0.00      0.00
  236 XXXXXXXXXXX       0.00      0.00      0.00      0.00      0.00      0.00      0.00      0.00      0.00      0.00      0.00      0.00
  237 XXXXXXXXXXX     466.00    448.00    400.00    204.00    186.00    165.00    197.00    168.13    213.00    567.00    379.00    340.00
  238 XXXXXXXXXXX     510.00    490.00    449.00    246.00    203.00    188.00    220.00    188.97    242.00    621.00    434.00    404.00
  239 XXXXXXXXXXX     597.00    574.00    540.00    326.00    236.00    231.00    265.00    228.03    301.00    730.00    546.00    514.00
  240 XXXXXXXXXXX     629.00    621.00    594.00    376.00    253.00    271.00    295.00    256.97    353.00    772.00    601.00    588.00
  241 XXXXXXXXXXX     119.00    135.00    159.00    265.00    124.00    105.00     93.00     80.71     91.00     96.00    102.00    107.00
  242 XXXXXXXXXXX     641.00    638.00    616.00    397.00    259.00    289.00    306.00    267.97    376.00    788.00    622.00    618.00
  243 XXXXXXXXXXX     637.00    647.00    640.00    447.00    255.00    315.00    314.00    274.90    394.00    776.00    620.00    651.00
  244 XXXXXXXXXXX    4804.00   5191.00   5875.00   6928.00   2959.00   2576.00   2181.00   1780.23   2576.00   3184.00   3050.00   3588.00
  245 XXXXXXXXXXX    5086.00   5507.00   6201.00   7420.00   3235.00   2832.00   2420.00   2001.23   2845.00   3427.00   3284.00   3855.00
  246 XXXXXXXXXXX    5663.00   6045.00   6575.00   8565.00   3810.00   3354.00   2898.00   2473.94   3527.00   3950.00   3837.00   4471.00
  247 XXXXXXXXXXX     111.00    136.00    214.00    332.00    143.00    106.00     87.00     68.84     62.00     69.00     85.00     87.00
  248 XXXXXXXXXXX     116.00    142.00    221.00    347.00    150.00    111.00     90.00     71.35     64.00     72.00     88.00     90.00
  249 XXXXXXXXXXX     145.00    221.00    162.00    155.00    109.00    114.00    137.00     98.77    159.00    434.00    355.00    246.00
  250 XXXXXXXXXXX       0.00      0.00      0.00      0.00      0.00      0.00      0.00      0.00      0.00      0.00      0.00      0.00
  251 XXXXXXXXXXX     179.00    193.00    190.00    185.00     72.00     57.00     44.00     26.19     36.00     29.00     20.00     30.00
  252 XXXXXXXXXXX      51.00     50.00     86.00    108.00     50.00     45.00     41.00     35.68     43.00     44.00     43.00     48.00
  253 XXXXXXXXXXX    1393.00   1910.00   1411.00   1172.00    435.00    264.00    200.00    135.19    156.00    133.00    184.00    444.00
  254 XXXXXXXXXXX      60.00    244.00     91.00     78.00     69.00     66.00     31.00     20.84      8.00      4.00      9.00      1.00
  255 XXXXXXXXXXX     286.00    518.00    193.00    101.00     35.00     28.00     23.00     26.39     31.00     32.00     39.00     32.00
  256 XXXXXXXXXXX       0.00      0.00      0.00      0.00      0.00      0.00      0.00      0.00      0.00      0.00      0.00      0.00
  257 XXXXXXXXXXX    2262.00   3625.00   2729.00   2398.00    764.00    438.00    324.00    237.97    265.00    227.00    305.00    589.00
  258 XXXXXXXXXXX     310.00    577.00    223.00    115.00     39.00     31.00     24.00     31.45     34.00     33.00     40.00     34.00
  259 XXXXXXXXXXX      51.00     50.00     86.00    108.00     50.00     45.00     41.00     35.65     43.00     44.00     43.00     48.00
  260 XXXXXXXXXXX      81.00     94.00    115.00    177.00     85.00     71.00     63.00      0.00     62.00     66.00     71.00     73.00
  261 XXXXXXXXXXX     126.00    152.00    232.00    377.00    162.00    120.00     97.00     76.87     69.00     77.00     93.00     98.00
  262 XXXXXXXXXXX      98.00     73.00     65.00     36.00     26.00     23.00     21.00     17.35     32.00     33.00     46.00     42.00
  263 XXXXXXXXXXX     247.00    199.00    188.00     81.00     48.00     39.00     31.00     24.90     47.00     43.00     57.00     68.00
  264 XXXXXXXXXXX       0.00      0.00      0.00      0.00      0.00      0.00      0.00      0.00      0.00      0.00      0.00      0.00
  265 XXXXXXXXXXX      37.00     51.00     34.00     23.00     14.00     13.00     12.00      8.81     16.00     11.00     15.00     11.00
  266 XXXXXXXXXXX    8379.00   8217.00   8436.00  11219.00   5575.00   4864.00   4620.00   3786.19   6445.00   8205.00  11353.00   9348.00
  267 XXXXXXXXXXX     184.00    168.00    157.00     96.00     64.00     55.00     48.00     39.90     65.00     78.00    101.00     75.00
  268 XXXXXXXXXXX       0.00      0.00      0.00      0.00      0.00      0.00      0.00      0.00      0.00      0.00      0.00      0.00
  269 XXXXXXXXXXX     302.00    289.00    595.00    894.00    778.00    589.00    378.00    182.06    181.00    167.00    255.00    364.00
  270 XXXXXXXXXXX    1174.00   1482.00   1069.00    838.00    345.00    217.00    167.00    108.58    125.00    108.00    162.00    422.00
  271 XXXXXXXXXXX    3714.00   7386.00   6393.00   6816.00   2454.00   1337.00    996.00    830.16    962.00    887.00   1077.00   1351.00
  272 XXXXXXXXXXX       0.00      0.00      0.00      0.00      0.00      0.00      0.00      0.00      0.00      0.00      0.00      0.00
  273 XXXXXXXXXXX    2857.00   5550.00   4156.00   3790.00   1169.00    634.00    459.00    347.71    385.00    327.00    414.00    722.00
  274 XXXXXXXXXXX    3610.00   8007.00   7690.00   8197.00   3579.00   1401.00    865.00    979.16    712.00    611.00    767.00   1147.00
  275 XXXXXXXXXXX    5893.00  15452.00  18398.00  21549.00  10882.00   3725.00   2096.00   1491.48   1702.00   1473.00   1835.00   2435.00
  276 XXXXXXXXXXX    1927.00   6285.00   9040.00  11272.00   6165.00   1962.00   1039.00    565.61    836.00    727.00    902.00   1087.00
  277 XXXXXXXXXXX     192.00    234.00    321.00    562.00    346.00    290.00    190.00    155.26    136.00    128.00    116.00    122.00
  278 XXXXXXXXXXX     167.00     99.00    176.00    210.00     66.00     42.00     36.00     34.13     40.00     45.00     53.00     96.00
  279 XXXXXXXXXXX     396.00    682.00    608.00   1094.00    367.00    112.00     43.00     21.77     44.00     49.00     56.00    129.00
  280 XXXXXXXXXXX     789.00    696.00   1015.00   1894.00   2063.00   1468.00    927.00    535.13    267.00    142.00    100.00    260.00
  281 XXXXXXXXXXX      71.00     74.00     89.00     93.00     68.00     65.00     62.00     58.97     62.00     66.00     65.00     67.00
  282 XXXXXXXXXXX      75.00     74.00     78.00    101.00     63.00     55.00     55.00     52.48     54.00     60.00     63.00     67.00
  283 XXXXXXXXXXX      87.00    160.00     70.00     43.00     24.00     16.00     10.00      9.97     27.00      9.00     10.00      7.00
  284 XXXXXXXXXXX     256.00    160.00    140.00    229.00   2647.00   1192.00    361.00    193.74   1421.00   1236.00   1478.00    378.00
  285 XXXXXXXXXXX   15168.00  21566.00  29524.00  22033.00  16745.00  10179.00   5870.00   4026.68   3314.00   3141.00   4638.00  12679.00
  286 XXXXXXXXXXX      86.00     56.00    119.00     61.00    190.00    120.00    160.00     61.61     76.00    377.00    402.00    157.00
  287 XXXXXXXXXXX   15192.00  21674.00  29879.00  22415.00  16976.00  10467.00   6030.00   4089.52   3449.00   3262.00   4664.00  12707.00
  288 XXXXXXXXXXX    3564.00   8799.00  11379.00  15514.00  11481.00   3876.00   1639.00    904.39    951.00    798.00    809.00   1270.00
  289 XXXXXXXXXXX      49.00     48.00     52.00     66.00     41.00     36.00     36.00     35.48     35.00     40.00     41.00     44.00
  290 XXXXXXXXXXX     621.00    551.00    742.00   1577.00   2686.00   2314.00   1133.00    641.03    447.00    262.00    156.00    268.00
  291 XXXXXXXXXXX     131.00    288.00    337.00    497.00    241.00    123.00     76.00     38.84     35.00     45.00     51.00     62.00
  292 XXXXXXXXXXX    2464.00   7199.00   8129.00   9514.00   8581.00   2276.00    539.00     50.68    201.00     98.00      9.00    370.00
  293 XXXXXXXXXXX    1349.00   2216.00   4047.00   7086.00   3704.00   1871.00   1215.00      0.00    817.00    756.00    857.00    989.00
  294 XXXXXXXXXXX     109.00    126.00    154.00    238.00    114.00     96.00     85.00     74.13     83.00     89.00     96.00     98.00
  295 XXXXXXXXXXX      64.00     64.00     70.00     73.00     61.00     56.00     53.00     51.10     61.00     60.00     56.00     67.00
  296 XXXXXXXXXXX      32.00     35.00     35.00     37.00     31.00     28.00     27.00     26.03     30.00     29.00     29.00     34.00
  297 XXXXXXXXXXX     794.00    702.00   1022.00   1905.00   2083.00   1482.00    936.00    540.48    269.00    144.00    101.00    261.00
  298 XXXXXXXXXXX     160.00    160.00    160.00    160.00    113.00    101.00     90.00     83.55     82.00    160.00    160.00    160.00
  299 XXXXXXXXXXX     594.00    808.00    748.00    434.00    225.00    189.00    155.00    156.87    173.00    315.00    266.00    263.00
  300 XXXXXXXXXXX       0.00      0.00      0.00      0.00      0.00      0.00      0.00      0.00      0.00      0.00      0.00      0.00
  301 XXXXXXXXXXX      47.00     31.00     24.00     17.00     12.00     12.00     11.00     12.81     17.00     37.00     24.00     19.00
  302 XXXXXXXXXXX    1100.00   1600.00   3250.00   6000.00   2900.00   1600.00   1100.00    853.71    750.00    700.00    800.00    900.00
  303 XXXXXXXXXXX      49.00     43.00     43.00     36.00     10.00      9.00      9.00      7.45     10.00     38.00     37.00     36.00
  304 XXXXXXXXXXX       0.00      0.00      0.00      0.00      0.00      0.00      0.00      0.00      0.00      0.00      0.00      0.00
  305 XXXXXXXXXXX       0.00      0.00      0.00      0.00      0.00      0.00      0.00      0.00      0.00      0.00      0.00      0.00
  306 XXXXXXXXXXX     193.00    187.00    187.00    180.00    127.00    112.00    101.00     93.90     95.00    182.00    181.00    180.00
  307 XXXXXXXXXXX       0.00      0.00      0.00      0.00      0.00      0.00      0.00      0.00      0.00      0.00      0.00      0.00
  308 XXXXXXXXXXX       0.00      0.00      0.00      0.00      0.00      0.00      0.00      0.00      0.00      0.00      0.00      0.00
  309 XXXXXXXXXXX       0.00      0.00      0.00      0.00      0.00      0.00      0.00      0.00      0.00      0.00      0.00      0.00
  310 XXXXXXXXXXX       0.00      0.00      0.00      0.00      0.00      0.00      0.00      0.00      0.00      0.00      0.00      0.00
  311 XXXXXXXXXXX       0.00      0.00      0.00      0.00      0.00      0.00      0.00      0.00      0.00      0.00      0.00      0.00
  312 XXXXXXXXXXX       0.00      0.00      0.00      0.00      0.00      0.00      0.00      0.00      0.00      0.00      0.00      0.00
  313 XXXXXXXXXXX     320.00    358.00    362.00    280.00    196.00    154.00    129.00     76.87    115.00    142.00    184.00    258.00
  314 XXXXXXXXXXX     631.00    855.00    792.00    463.00    241.00    203.00    167.00    169.74    185.00    338.00    287.00    284.00
  315 XXXXXXXXXXX     176.00    170.00    170.00    165.00    117.00    103.00     92.00     86.00     85.00    165.00    165.00    165.00
  316 XXXXXXXXXXX     176.00    170.00    170.00    165.00    117.00    103.00     92.00     86.00     85.00    165.00    165.00    165.00
  317 XXXXXXXXXXX       3.00      0.00      0.00      0.00      0.00      0.00      0.00      0.00      0.00      0.00      0.00      0.00
  318 XXXXXXXXXXX     118.00     89.00     67.00     44.00     36.00     33.00     32.00     37.65     42.00     91.00     61.00     48.00
  319 XXXXXXXXXXX     107.00     82.00     61.00     40.00     33.00     30.00     30.00     26.94     38.00     83.00     55.00     44.00
  320 XXXXXXXXXXX      58.00     38.00     30.00     21.00     15.00     15.00     13.00     15.52     21.00     45.00     29.00     23.00
