     1    1        32        31        30        31        30        31
     2    2        33        32        31        32        32        32
     3    6       153       141       134       134       134       136
     4    7       171       158       148       149       148       150
     5    8       174       162       152       152       151       153
     6    9       176       163       153       153       152       154
     7   10       180       168       157       157       156       158
     8   11       189       178       166       166       165       167
     9   12       219       208       194       192       190       191
    10   14        15        13        13        13        12        13
    11   15        25        22        21        21        20        21
    12   16        26        23        22        22        21        22
    13   17       393       368       344       341       338       342
    14   18       464       437       406       402       397       403
    15   20        24        23        22        21        22        22
    16   22        12        12        11        11        11        11
    17   23        33        31        29        27        27        27
    18   24        75        72        68        65        66        65
    19   25        74        70        67        65        63        63
    20   28        80        76        71        69        68        67
    21   31       319       299       282       272       273       271
    22   32       340       320       301       290       291       290
    23   33       596       568       540       522       524       533
    24   34      1382      1322      1247      1220      1222      1251
    25   37       106       101       105       131       131       155
    26   38       126       119       122       148       147       172
    27   39       164       153       154       181       179       205
    28   40       202       181       180       207       206       234
    29   42       218       193       191       218       216       245
    30   43       241       205       198       225       224       254
    31   44      1623      1527      1445      1446      1446      1504
    32   45      1846      1745      1657      1655      1658      1723
    33   46      2305      2194      2070      2066      2076      2174
    34   47        50        43        41        47        50        59
    35   48        52        45        42        49        52        61
    36   49        85        75        72        81        84        97
    37   50       117       106       102       112       116       133
    38   51       120       108       104       114       119       136
    39   52       125       113       109       119       124       141
    40   54        36        30        28        29        29        35
    41   55        41        35        32        33        34        41
    42   57        63        54        50        51        52        62
    43   58        73        62        58        59        60        72
    44   61       232       212       201       217       226       271
    45   62       270       244       231       246       256       303
    46   63       354       317       301       316       327       378
    47   65        35        29        30        34        45        74
    48   66      3373      3138      2931      2951      2984      3249
    49   70        10        10        10        10        10        10
    50   71        33        29        30        31        34        50
    51   72        36        32        33        34        38        54
    52   73        50        43        45        44        51        71
    53   74       247       203       206       252       293       425
    54   75       359       297       302       342       402       573
    55   76       319       263       267       308       361       512
    56   77       388       321       329       371       449       667
    57   78       399       329       336       378       464       700
    58   80        23        19        20        22        29        47
    59   81       457       373       395       444       594       992
    60   83        25        20        21        24        31        51
    61   85        57        49       113        99       158       213
    62   88        77        75        93       114       153       243
    63   89        98        93       114       139       187       297
    64   92       447       402       559       560       795      1132
    65   93        32        23        30        30        54        81
    66   94       630       546       705       705       991      1391
    67   97       116        95       210       172       296       412
    68   98        69        56       137       110       195       265
    69   99        43        42        42        42        42        43
    70  100         1         1         1         1         2         3
    71  101        36        32        42        51        76       124
    72  102       137       120       120       109       115       138
    73  103       143       126       124       113       119       143
    74  104        19        10        12        19        18        24
    75  109         8         5         7        10        10        13
    76  110        23        19        27        24        33        38
    77  111       144       127       140       126       150       169
    78  112       145       128       141       127       151       171
    79  113       165       146       162       147       182       210
    80  114       186       165       186       170       217       255
    81  115        11        11        12        12        11        12
    82  116         3         1         2         3         2         3
    83  117        11         4         6         8         8        11
    84  118         8         5         7        10        10        13
    85  119        10         6         8        13        12        16
    86  120         9         8         7         8         8         9
    87  121        29        25        26        33        32        37
    88  122        33        29        30        38        37        43
    89  123        88        72        70        84        86        98
    90  125       112        94        91       107       109       122
    91  126        33        21        15        27        25        32
    92  127       123       111       105       117       115       122
    93  129       199       175       167       189       188       203
    94  130       222       195       185       209       207       223
    95  131        72        61        58        69        70        78
    96  132         6         5         5         6         5         5
    97  134        19        19        18        19        21        20
    98  135        34        32        31        32        31        31
    99  141       118       115       112       115       116       114
   100  144       175       172       168       170       172       169
   101  145        43        40        40        40        41        45
   102  148       138       136       132       135       136       134
   103  149        38        36        35        37        36        35
   104  154        79        79        78        78        78        80
   105  155        23        22        21        20        21        21
   106  156        43        41        38        41        48        54
   107  158        17        16        15        15        14        14
   108  160         3         3         3         5         5         6
   109  161        38        36        46        70        68        89
   110  164        19        26        34        51        49        65
   111  166      1518      1398      1285      1288      1311      1473
   112  168       359       369       355       356       373       357
   113  169       425       429       413       411       427       417
   114  171         0         0         0         0         0         0
   115  172       417       437       413       411       427       417
   116  173       417       437       413       411       427       417
   117  175       417       437       413       411       427       417
   118  176       417       437       413       411       427       417
   119  178       414       438       413       411       427       417
   120  183        12        11        11        11        12        12
   121  187        35        33        29        27        25        24
   122  188        22        25        23        22        24        23
   123  190       191       187       183       179       185       184
   124  191       109        95        87        82        87        90
   125  196        10         9         9        10        10         9
   126  197        12        11        11        11        11        11
   127  198        28        27        27        28        27        28
   128  199       233       205       194       219       216       233
   129  201         4         3         3         4         3         4
   130  202         2         2         2         2         2         2
   131  203         6         5         5         6         5         5
   132  204       430       322       287       258       231       208
   133  205        27        25        24        22        22        22
   134  206        78        73        69        67        66        65
   135  207        79        75        70        68        67        66
   136  209        85        80        75        71        72        71
   137  211        72        69        67        67        66        66
   138  213         2         2         2         2         2         2
   139  215       101        87       200       176       293       395
   140  216       120       103       125       153       206       326
   141  217       321       268       415       411       607       870
   142  220        56        39        51        52        92       139
   143  222       439       360       378       426       557       909
   144  225        12        12        11        10        15        16
   145  226       140       140       140       139       143       143
   146  227       295       281       270       261       241       250
   147  228       323       308       296       285       258       268
   148  229       424       418       384       368       422       454
   149  230       425       420       385       369       426       458
   150  237       127       113       121       155       154       185
   151  238       147       131       138       172       170       202
   152  239       185       165       170       204       202       235
   153  240       223       194       196       231       229       264
   154  241        77        76        74        73        74        76
   155  242       239       205       206       241       240       276
   156  243       262       217       214       249       247       284
   157  244      1644      1539      1461      1469      1470      1535
   158  245      1867      1758      1672      1679      1681      1753
   159  246      2326      2206      2086      2090      2099      2205
   160  247        61        59        57        56        56        58
   161  248        63        62        60        58        59        60
   162  249        86        76        73        82        85        98
   163  251        20        19        18        17        18        18
   164  252        31        32        31        30        30        31
   165  253       121       105        96        90        95        98
   166  254        20        20        19        19        19        19
   167  255        21        20        19        18        19        18
   168  257       206       183       167       155       157       159
   169  258        25        24        22        22        22        20
   170  259        31        31        30        29        29        30
   171  261        68        67        64        63        63        65
   172  262        11        10        10        10        11        11
   173  263        20        20        19        20        22        21
   174  265         7         7         7         7         7         7
   175  266      3394      3150      2946      2975      3007      3279
   176  267        38        36        35        37        35        35
   177  269       100        85        74        73        75        81
   178  270        97        84        78        74        79        83
   179  271       738       680       613       574       553       540
   180  273       302       271       241       224       222       222
   181  274       877       807       728       682       626       610
   182  275      1288      1213      1070       997       947       909
   183  276       460       433       382       356       349       335
   184  277       151       140       132       125       119       115
   185  278        36        34        33        33        34        35
   186  279        23        16        15        20        28        36
   187  280       431       324       288       259       232       209
   188  281        58        57        57        56        56        56
   189  282        52        52        51        51        51        52
   190  283         5         6         6         6         7         6
   191  284       125       100       220       180       308       430
   192  285      2795      2586      2401      2437      2587      2712
   193  286        30        27        29        30        37        49
   194  287      2844      2620      2415      2593      2627      2754
   195  288       712       652       598       549       544       563
   196  289        35        35        34        34        34        35
   197  290       526       460       406       363       313       288
   198  291        33        26        23        22        27        31
   199  292         0         0         0         0         0         0
   200  294        71        70        69        68        68        70
   201  295        51        50        50        50        50        50
   202  296        26        25        25        25        26        26
   203  297       435       327       290       261       234       210
   204  298        70        59        57        67        68        76
   205  299       146       131       123       136       134       141
   206  300         0         0         0         0         0         0
   207  301         9         6         8        11        10        13
   208  302       712       652       598       549       544       563
   209  303         6         5         5         6         5         5
   210  304         0         0         0         0         0         0
   211  306        77        66        63        75        75        84
   212  313        68        67        64        63        63        65
   213  314       157       141       132       147       143       152
   214  315        72        61        58        69        70        78
   215  316        72        61        58        69        70        78
   216  317         0         0         0         0         0         0
   217  318        24        13        17        26        25        34
   218  319        18        11        14        21        21        27
   219  320        10         6         8        13        12        16
