     1    1        30        31        33        36        40        38
     2    2        32        32        34        37        41        39
     3    6       135       136       149       173       213       193
     4    7       149       150       164       190       236       212
     5    8       152       153       168       194       241       217
     6    9       154       154       169       195       243       219
     7   10       157       158       173       200       249       224
     8   11       166       167       183       210       263       236
     9   12       191       191       207       236       293       261
    10   14        12        13        14        14        15        12
    11   15        20        21        22        23        25        19
    12   16        21        22        24        24        26        20
    13   17       340       342       366       398       469       414
    14   18       400       403       431       462       535       475
    15   20        22        22        23        26        31        29
    16   22        11        11        11        12        13        15
    17   23        27        27        27        28        35        36
    18   24        66        65        67        77        91        85
    19   25        63        63        64        74        89        66
    20   28        68        67        68        79        94        72
    21   31       272       271       276       306       353       327
    22   32       291       290       296       326       373       348
    23   33       524       533       548       574       623       614
    24   34      1222      1251      1304      1353      1464      1437
    25   37       131       155       173       168       196       147
    26   38       148       172       191       185       213       161
    27   39       181       205       225       218       247       188
    28   40       210       234       254       248       277       214
    29   42       221       245       266       259       288       225
    30   43       229       254       275       268       297       233
    31   44      1451      1504      1578      1621      1761      1671
    32   45      1661      1723      1801      1837      1967      1895
    33   46      2071      2174      2265      2276      2382      2318
    34   47        50        59        83        85       113       113
    35   48        52        61        85        87       115       114
    36   49        84        97       124       124       163       147
    37   50       116       133       163       161       205       181
    38   51       118       136       165       163       208       184
    39   52       124       141       172       169       214       189
    40   54        29        35        40        44        62        59
    41   55        34        41        46        51        71        68
    42   57        52        62        71        78       112       107
    43   58        60        72        83        91       132       126
    44   61       225       271       314       308       411       344
    45   62       254       303       345       337       441       371
    46   63       323       378       417       406       511       434
    47   65        43        74        97       101       115        99
    48   66      2956      3249      3467      3447      3686      3444
    49   70        10        10        10        10        10        10
    50   71        34        50        61        62        73        61
    51   72        38        54        66        67        77        65
    52   73        51        71        85        86        97        83
    53   74       293       425       549       603       752       659
    54   75       397       573       722       777       940       825
    55   76       356       512       647       701       853       752
    56   77       437       667       851       905      1068       933
    57   78       444       700       898       952      1114       972
    58   80        27        47        62        65        71        61
    59   81       559       992      1312      1363      1524      1314
    60   83        29        51        66        69        76        65
    61   85       158       213       212       267       239       166
    62   88       153       243       307       366       423       301
    63   89       177       297       375       447       517       367
    64   92       730      1132      1304      1621      1625      1158
    65   93        54        81        92        99        81        63
    66   94       875      1391      1593      1921      1881      1364
    67   97       291       412       430       504       379       297
    68   98       195       265       270       304       219       174
    69   99        42        43        43        43        42        45
    70  100         2         3         4         5         9         6
    71  101        76       124       149       193       223       130
    72  102       115       138       160       206       192       161
    73  103       118       143       166       214       199       167
    74  104        18        24        27        24        29        21
    75  109        10        13        15        13        16        12
    76  110        33        38        40        46        41        36
    77  111       148       169       179       223       200       186
    78  112       149       171       181       225       202       187
    79  113       179       210       224       291       245       221
    80  114       213       255       272       365       294       259
    81  115        11        12        11        11        12        10
    82  116         2         3         4         3         5         4
    83  117         8        11        12        10        13        10
    84  118        10        13        15        13        16        12
    85  119        12        16        19        16        20        14
    86  120         8         9        10        12        14        12
    87  121        32        37        45        44        49        39
    88  122        37        43        51        51        56        45
    89  123        87        98       119       136       173       142
    90  125       110       122       146       167       211       176
    91  126        25        32        46        60        96        65
    92  127       115       122       136       150       186       155
    93  129       188       203       233       260       313       269
    94  130       207       223       254       282       339       293
    95  131        70        78        93       106       123       111
    96  132         5         5         5         5         5         4
    97  134        21        20        21        30        37        36
    98  135        31        31        31        33        35        33
    99  141       117       114       118       140       167       161
   100  144       173       169       174       202       244       234
   101  145        43        48        51        52        60        65
   102  148       137       134       138       162       195       187
   103  149        36        35        37        43        49        47
   104  154        78        80        80        77        74        86
   105  155        21        21        22        27        40        40
   106  156        48        54        68        99       162       147
   107  158        14        14        14        14        15        16
   108  160         5         6         7         6         8         6
   109  161        68        89       102        87       108        79
   110  164        49        65        74        64        79        58
   111  166      1280      1473      1574      1519      1514      1429
   112  168       373       357       347       350       375       474
   113  169       427       417       414       427       473       625
   114  171         0         0         0         0         0         0
   115  172       423       417       414       427       473       625
   116  173       423       417       414       427       473       625
   117  175       423       417       414       427       473       625
   118  176       423       417       414       427       473       625
   119  178       421       417       414       427       473       625
   120  183        12        12        12        14        17        16
   121  187        25        24        23        22        17        19
   122  188        24        23        24        53        81        84
   123  190       176       172       169       178       189       224
   124  191        86        90        93       100       139       142
   125  196        10         9        10        10        10        10
   126  197        11        11        12        13        14        13
   127  198        27        28        30        31        33        31
   128  199       217       233       266       296       354       307
   129  201         3         4         4         3         4         3
   130  202         2         2         2         2         2         1
   131  203         5         5         5         5         5         4
   132  204       231       208       186       167       150       135
   133  205        22        22        22        23        29        30
   134  206        66        65        66        77        92        70
   135  207        67        66        67        78        93        71
   136  209        72        71        72        76        87        93
   137  211        66        66        69        76        84        80
   138  213         2         2         2         2         3         3
   139  215       293       395       393       495       442       307
   140  216       193       326       412       491       568       403
   141  217       570       870       982      1221      1232       870
   142  220        90       139       157       169       139       108
   143  222       529       909      1194      1246      1407      1216
   144  225        14        15        16        18        28        32
   145  226       142       143       143       143       146       146
   146  227       256       264       273       274       297       300
   147  228       280       288       299       294       319       324
   148  229       379       408       442       498       549       625
   149  230       380       410       443       503       554       631
   150  237       154       185       208       198       233       174
   151  238       172       202       226       215       250       188
   152  239       204       235       259       248       284       215
   153  240       233       264       289       278       314       241
   154  241        74        76        77        76        73        87
   155  242       244       276       300       289       325       252
   156  243       252       284       309       298       334       261
   157  244      1474      1535      1613      1651      1797      1698
   158  245      1684      1753      1836      1867      2004      1922
   159  246      2094      2205      2300      2306      2419      2345
   160  247        56        58        59        57        54        70
   161  248        58        60        61        59        57        72
   162  249        85        98       125       125       165       149
   163  251        18        18        18        20        22        24
   164  252        30        31        30        30        28        28
   165  253        93        98       100       107       146       151
   166  254        19        19        18        18        18        22
   167  255        19        18        18        36        53        53
   168  257       155       159       159       165       201       227
   169  258        22        20        21        42        62        63
   170  259        29        30        29        29        27        27
   171  261        63        65        66        64        61        78
   172  262        11        11        11        13        16        15
   173  263        22        21        22        31        38        37
   174  265         7         7         7         8         9         9
   175  266      2979      3279      3501      3477      3723      3471
   176  267        35        35        37        42        49        46
   177  269        75        81        94        89        71        59
   178  270        79        83        85        92       132       132
   179  271       552       540       522       508       519       571
   180  273       219       222       220       226       258       307
   181  274       624       610       590       575       550       605
   182  275       965       909       874       848       854       917
   183  276       355       335       322       312       327       350
   184  277       119       115       110       106       102        98
   185  278        34        35        35        40        39        39
   186  279        28        36        44        59        72        76
   187  280       233       209       187       168       151       136
   188  281        56        56        56        55        54        55
   189  282        51        52        53        52        51        55
   190  283         7         6         7        12        14        12
   191  284       298       430       450       529       399       313
   192  285      2484      2707      3130      4667      4935      5959
   193  286        37        49        62        66        66        56
   194  287      3018      3418      3917      4739      5010      6050
   195  288       504       465       440       497       529       614
   196  289        34        35        35        35        34        37
   197  290       327       298       272       251       220       203
   198  291        25        32        43        48        51        62
   199  292         0         0         0         0         0         0
   200  294        68        70        71        70        67        80
   201  295        50        50        50        49        49        53
   202  296        25        26        26        27        29        30
   203  297       235       210       189       170       152       137
   204  298        69        76        92       105       121       110
   205  299       134       141       157       173       212       179
   206  300         0         0         0         0         0         0
   207  301        10        13        15        13        16        13
   208  302       504       465       440       497       529       614
   209  303         5         5         5         5         5         4
   210  304         0         0         0         0         0         0
   211  306        75        84        99       111       129       116
   212  313        63        65        66        64        61        78
   213  314       144       152       169       186       228       192
   214  315        70        78        93       106       123       111
   215  316        70        78        93       106       123       111
   216  317         0         0         0         0         0         0
   217  318        25        34        39        33        41        31
   218  319        21        27        31        27        32        23
   219  320        12        16        19        16        20        14
