     1    1        32        36        41        50        49        45
     2    2        33        37        42        51        50        46
     3    6       141       163       189       267       267       224
     4    7       154       177       206       290       293       246
     5    8       158       180       210       296       299       250
     6    9       159       181       212       298       302       253
     7   10       163       185       217       304       309       258
     8   11       171       194       227       319       325       272
     9   12       196       218       253       350       358       299
    10   14        14        13        15        18        16        12
    11   15        23        21        24        30        26        20
    12   16        24        22        25        31        27        21
    13   17       348       367       408       545       547       457
    14   18       407       424       467       608       613       517
    15   20        21        21        27        36        34        30
    16   22        10        10        12        15        14        15
    17   23        26        25        27        31        35        37
    18   24        63        64        79       107       100        88
    19   25        64        66        77        97        94        68
    20   28        69        70        82       103       100        73
    21   31       263       263       309       382       373       334
    22   32       281       281       329       403       394       354
    23   33       506       501       568       649       643       621
    24   34      1207      1217      1329      1558      1558      1485
    25   37       128       132       208       238       205       148
    26   38       145       147       228       258       223       162
    27   39       178       177       265       296       257       189
    28   40       205       202       296       327       287       216
    29   42       215       212       308       339       298       226
    30   43       223       220       316       347       307       235
    31   44      1430      1436      1645      1906      1864      1719
    32   45      1640      1644      1849      2108      2065      1942
    33   46      2069      2057      2263      2529      2477      2364
    34   47        49        51        77       152       139       127
    35   48        51        52        79       155       141       129
    36   49        86        85       129       212       194       164
    37   50       119       117       169       258       238       198
    38   51       121       119       172       262       241       201
    39   52       127       124       178       269       248       206
    40   54        32        37        57        78        92        83
    41   55        37        43        65        89       106        96
    42   57        57        66       100       137       167       152
    43   58        66        76       116       159       198       179
    44   61       236       237       371       506       509       408
    45   62       267       266       403       537       539       435
    46   63       338       334       479       610       609       498
    47   65        36        50        83       106       116        98
    48   66      2965      2948      3384      3932      3826      3494
    49   70        10        10        10        10        10        10
    50   71        29        33        49        57        63        52
    51   72        32        37        54        62        68        57
    52   73        45        51        74        80        87        74
    53   74       268       369       557       779       875       722
    54   75       367       486       723       944      1048       874
    55   76       333       445       659       874       971       810
    56   77       396       526       808      1045      1152       965
    57   78       403       538       837      1081      1190       997
    58   80        23        32        53        68        72        60
    59   81       467       642      1097      1398      1520      1280
    60   83        25        34        57        73        77        65
    61   85       142       162       195       214       223       161
    62   88       142       186       260       313       382       283
    63   89       174       227       317       382       466       346
    64   92       721       873      1153      1293      1442      1085
    65   93        35        47        66        68        66        54
    66   94       871      1047      1374      1514      1654      1263
    67   97       205       236       280       314       309       267
    68   98       137       155       174       191       180       156
    69   99        42        42        42        42        42        45
    70  100         2         3         4         5         9         5
    71  101        66        94       156       197       220       128
    72  102       104        94       114       121       128       109
    73  103       108        97       118       126       132       113
    74  104        15        18        34        28        28        20
    75  109         8        10        19        16        15        11
    76  110        26        29        31        36        34        31
    77  111       132       137       148       171       162       152
    78  112       133       138       150       172       164       154
    79  113       159       164       179       209       194       181
    80  114       187       192       212       249       228       210
    81  115        11        11        13        12        13        10
    82  116         1         2         6         4         4         4
    83  117         7         8        15        13        12         9
    84  118         8        10        19        16        15        11
    85  119        10        12        23        19        19        14
    86  120         9        10        14        17        16        13
    87  121        34        36        50        51        50        39
    88  122        39        41        57        59        57        45
    89  123        90       103       154       192       195       152
    90  125       114       129       187       232       239       189
    91  126        37        52        94       124       124        95
    92  127       127       142       184       214       214       185
    93  129       204       228       308       362       369       308
    94  130       226       253       340       396       404       340
    95  131        73        83       120       144       144       120
    96  132         5         5         7         6         6         5
    97  134        20        23        29        41        40        38
    98  135        33        35        40        41        37        35
    99  141       120       128       150       199       189       176
   100  144       175       183       213       285       273       252
   101  145        38        37        43        43        53        62
   102  148       139       148       172       230       219       203
   103  149        40        43        52        65        59        56
   104  154        78        77        76        75        74        86
   105  155        22        26        30        49        60        58
   106  156        48        69        94       176       209       179
   107  158        14        13        14        15        15        16
   108  160         4         5         9         8         8         5
   109  161        55        66       128       105       103        74
   110  164        40        48        94        77        75        54
   111  166      1299      1275      1368      1520      1453      1366
   112  168       371       346       341       368       461       527
   113  169       423       405       415       465       617       734
   114  171         0         0         0         0         0         0
   115  172       423       405       415       465       617       734
   116  173       423       405       415       465       617       734
   117  175       423       405       415       465       617       734
   118  176       423       405       415       465       617       734
   119  178       423       405       415       465       617       734
   120  183        12        14        16        20        19        17
   121  187        24        23        22        23        17        17
   122  188        22        27        33        95        97        90
   123  190       176       173       183       186       208       253
   124  191        75        73        85       129       142       142
   125  196        10        10        12        13        11        11
   126  197        12        14        16        18        17        15
   127  198        30        33        37        40        38        36
   128  199       237       265       356       414       422       356
   129  201         3         4         5         4         4         3
   130  202         2         2         2         2         2         2
   131  203         5         5         7         6         6         5
   132  204       231       208       186       167       150       135
   133  205        21        20        21        25        30        30
   134  206        67        68        80       101        98        71
   135  207        68        69        81       102        99        72
   136  209        67        66        74        85        88        94
   137  211        69        76        86       103        98        89
   138  213         2         2         3         3         3         3
   139  215       263       300       361       397       412       297
   140  216       191       250       349       420       513       380
   141  217       551       662       861       981      1107       821
   142  220        60        80       112       116       112        92
   143  222       449       612      1023      1307      1426      1199
   144  225        12        12        12        14        24        27
   145  226       142       142       142       143       146       146
   146  227       251       242       189       218       253       254
   147  228       274       265       203       235       272       274
   148  229       348       332       344       397       469       529
   149  230       349       333       347       401       473       534
   150  237       147       154       252       274       240       173
   151  238       164       170       272       294       258       187
   152  239       197       199       309       332       292       214
   153  240       224       225       340       363       322       241
   154  241        73        72        72        73        72        87
   155  242       234       235       352       375       334       251
   156  243       242       242       360       383       342       260
   157  244      1449      1459      1689      1942      1899      1745
   158  245      1659      1666      1893      2144      2100      1967
   159  246      2087      2080      2306      2565      2512      2389
   160  247        55        54        55        55        54        69
   161  248        57        56        57        57        56        72
   162  249        87        87       130       214       196       165
   163  251        16        16        20        25        23        25
   164  252        30        29        29        29        28        28
   165  253        82        80        92       137       149       152
   166  254        19        19        18        18        18        22
   167  255        18        20        25        59        61        57
   168  257       142       136       147       200       206       228
   169  258        21        23        29        68        72        67
   170  259        29        28        28        28        27        27
   171  261        61        60        61        61        60        78
   172  262        11        13        15        19        18        16
   173  263        21        24        30        42        41        39
   174  265         7         7         9        12        10        10
   175  266      2984      2971      3428      3968      3861      3519
   176  267        40        43        52        65        58        56
   177  269        60        58        54        50        47        44
   178  270        67        66        78       121       134       132
   179  271       535       507       498       543       525       572
   180  273       205       195       204       267       265       309
   181  274       605       574       563       614       556       607
   182  275       927       873       837       857       818       859
   183  276       341       321       308       316       313       328
   184  277       119       114       110       106       102        98
   185  278        31        31        31        37        37        38
   186  279        12        10        19        28        44        50
   187  280       232       209       187       168       151       136
   188  281        56        55        55        55        54        55
   189  282        51        51        51        51        51        55
   190  283         6         7         7        18        15        12
   191  284       214       246       293       329       325       281
   192  285      2303      2471      2864      3757      3848      4348
   193  286        25        29        38        42        43        39
   194  287      2364      2601      2908      3814      3907      4414
   195  288       504       462       506       541       580       671
   196  289        34        34        34        34        34        37
   197  290       328       298       270       239       217       200
   198  291        19        17        16        20        26        32
   199  292         0         0         0         0         0         0
   200  294        67        66        67        68        67        80
   201  295        49        48        48        47        47        51
   202  296        25        25        25        26        28        29
   203  297       234       210       189       170       152       137
   204  298        72        81       117       142       149       118
   205  299       149       166       216       248       248       217
   206  300         0         0         0         0         0         0
   207  301         9        10        19        16        15        12
   208  302       504       462       506       541       580       671
   209  303         5         5         7         6        13         5
   210  304         0         0         0         0         0         0
   211  306        78        88       126       150       157       125
   212  313        61        60        61        61        60        78
   213  314       160       178       232       266       267       233
   214  315        73        83       120       144       151       120
   215  316        73        83       120       144       151       120
   216  317         0         0         0         0         0         0
   217  318        20        24        50        40        39        29
   218  319        17        21        38        31        31        22
   219  320        10        12        23        19        19        14
